tau lower upper static budget
1 5.259323918175021e-10 5.877757367187073e-10 5.568540642681047e-10 3.692462838704399e-12
1.019373485938873 5.270965734159908e-10 5.866115551202187e-10 5.568540642681047e-10 3.911690701770958e-12
1.039122303835169 5.282169243065375e-10 5.85491204229672e-10 5.568540642681047e-10 4.143943389212076e-12
1.059253725177289 5.292950946878407e-10 5.844130338483688e-10 5.568540642681047e-10 4.389995443123108e-12
1.079775162327709 5.303326726296518e-10 5.833754559065577e-10 5.568540642681047e-10 4.650667521298947e-12
1.100694171252209 5.313311864118905e-10 5.82376942124319e-10 5.568540642681047e-10 4.926829147406906e-12
1.122018454301963 5.322921067756951e-10 5.814160217605143e-10 5.568540642681047e-10 5.21940162552526e-12
1.143755863049538 5.332168490897211e-10 5.804912794464884e-10 5.568540642681047e-10 5.52936112889907e-12
1.165914401179832 5.341067754348808e-10 5.796013531013286e-10 5.568540642681047e-10 5.857741973357576e-12
1.188502227437019 5.349631966105935e-10 5.78744931925616e-10 5.568540642681047e-10 6.205640086465844e-12
1.211527658628589 5.357873740655011e-10 5.779207544707084e-10 5.568540642681047e-10 6.574216684150358e-12
1.234999172687585 5.365805217554947e-10 5.771276067807148e-10 5.568540642681047e-10 6.964702167244386e-12
1.258925411794168 5.373438079317862e-10 5.763643206044233e-10 5.568540642681047e-10 7.378400251149345e-12
1.283315185557651 5.380783568616612e-10 5.756297716745482e-10 5.568540642681047e-10 7.816692342602993e-12
1.308177474260194 5.387852504844466e-10 5.749228780517628e-10 5.568540642681047e-10 8.281042178388677e-12
1.333521432163324 5.394655300051309e-10 5.742425985310785e-10 5.568540642681047e-10 8.773000741714093e-12
1.359356390878525 5.401201974279873e-10 5.735879311082222e-10 5.568540642681047e-10 9.294211472936653e-12
1.385691862803127 5.407502170324555e-10 5.72957911503754e-10 5.568540642681047e-10 9.846415792318446e-12
1.412537544622754 5.413565167934585e-10 5.723516117427509e-10 5.568540642681047e-10 1.043145895356099e-11
1.439903320881633 5.419399897482448e-10 5.717681387879646e-10 5.568540642681047e-10 1.105129624800183e-11
1.467799267622069 5.425014953117698e-10 5.712066332244397e-10 5.568540642681047e-10 1.170799958055554e-11
1.496235656094433 5.430418605425541e-10 5.706662679936554e-10 5.568540642681047e-10 1.240376443975525e-11
1.525222956539018 5.435618813608831e-10 5.701462471753265e-10 5.568540642681047e-10 1.31409172856018e-11
1.554771842041173 5.44062323721142e-10 5.696458048150675e-10 5.568540642681047e-10 1.392192338036058e-11
1.584893192461114 5.445439247400133e-10 5.691642037961961e-10 5.568540642681047e-10 1.474939508896649e-11
1.615598098439875 5.450073937821981e-10 5.687007347540114e-10 5.568540642681047e-10 1.562610067730977e-11
1.646897865482869 5.454534135052607e-10 5.682547150309487e-10 5.568540642681047e-10 1.655497363838753e-11
1.678804018122561 5.45882640865136e-10 5.678254876710736e-10 5.568540642681047e-10 1.753912257811924e-11
1.711328304161781 5.46295708083779e-10 5.674124204524304e-10 5.568540642681047e-10 1.858184169455193e-11
1.744482698999254 5.466932235803848e-10 5.670149049558246e-10 5.568540642681047e-10 1.968662188622298e-11
1.778279410038923 5.470757728675463e-10 5.666323556686632e-10 5.568540642681047e-10 2.085716252761698e-11
1.812730881184698 5.474439194136742e-10 5.662642091225352e-10 5.568540642681047e-10 2.209738395195258e-11
1.847849797422291 5.477982054729468e-10 5.659099230632626e-10 5.568540642681047e-10 2.341144068397691e-11
1.8836490894898 5.481391528840118e-10 5.655689756521976e-10 5.568540642681047e-10 2.480373546803383e-11
1.920141938638801 5.484672638386191e-10 5.652408646975903e-10 5.568540642681047e-10 2.62789341394216e-11
1.95734178148766 5.487830216213134e-10 5.64925106914896e-10 5.568540642681047e-10 2.784198138997065e-11
1.995262314968879 5.490868913212795e-10 5.646212372149299e-10 5.568540642681047e-10 2.949811748186766e-11
2.033917501372293 5.493793205173852e-10 5.643288080188243e-10 5.568540642681047e-10 3.125289596703614e-11
2.073321573485954 5.496607399374346e-10 5.64047388598775e-10 5.568540642681047e-10 3.311220247286836e-11
2.113489039836648 5.499315640925997e-10 5.637765644436098e-10 5.568540642681047e-10 3.508227461880523e-11
2.154434690031884 5.501921918879666e-10 5.635159366482429e-10 5.568540642681047e-10 3.716972313218109e-11
2.196173600205436 5.504430072100946e-10 5.632651213261148e-10 5.568540642681047e-10 3.938155423592563e-11
2.23872113856834 5.506843794924549e-10 5.630237490437546e-10 5.568540642681047e-10 4.17251933851296e-11
2.282092971067451 5.509166642595793e-10 5.627914642766301e-10 5.568540642681047e-10 4.420851043418137e-11
2.326305067153626 5.511402036507243e-10 5.625679248854852e-10 5.568540642681047e-10 4.683984632116232e-11
2.371373705661656 5.513553269238173e-10 5.623528016123921e-10 5.568540642681047e-10 4.962804136147929e-11
2.417315480804104 5.515623509404312e-10 5.621457775957783e-10 5.568540642681047e-10 5.258246524832835e-11
2.464147308281281 5.51761580632499e-10 5.619465479037105e-10 5.568540642681047e-10 5.571304886354509e-11
2.511886431509579 5.519533094514575e-10 5.61754819084752e-10 5.568540642681047e-10 5.903031800872636e-11
2.560550427970476 5.521378198004808e-10 5.615703087357287e-10 5.568540642681047e-10 6.254542917322711e-11
2.610157215682536 5.523153834504403e-10 5.613927450857691e-10 5.568540642681047e-10 6.627020746277115e-11
2.660725059798808 5.524862619402044e-10 5.612218665960051e-10 5.568540642681047e-10 7.021718681998867e-11
2.71227257933203 5.526507069618668e-10 5.610574215743427e-10 5.568540642681047e-10 7.439965267623752e-11
2.764818754010106 5.528089607314717e-10 5.608991678047377e-10 5.568540642681047e-10 7.883168718260327e-11
2.818382931264455 5.529612563457808e-10 5.607468721904286e-10 5.568540642681047e-10 8.352821717705056e-11
2.872984833353665 5.531078181256089e-10 5.606003104106006e-10 5.568540642681047e-10 8.850506505431242e-11
2.928644564625237 5.532488619462324e-10 5.604592665899771e-10 5.568540642681047e-10 9.377900271535674e-11
2.98538261891796 5.53384595555359e-10 5.603235329808504e-10 5.568540642681047e-10 9.936780878410711e-11
3.043219887107722 5.535152188791254e-10 5.601929096570842e-10 5.568540642681047e-10 1.052903292906502e-10
3.102177664799501 5.53640924316574e-10 5.600672042196354e-10 5.568540642681047e-10 1.115665420324065e-10
3.16227766016838 5.537618970230444e-10 5.59946231513165e-10 5.568540642681047e-10 1.182176248377605e-10
3.223542001952463 5.538783151828934e-10 5.598298133533162e-10 5.568540642681047e-10 1.252660279704705e-10
3.285993247600654 5.53990350271948e-10 5.597177782642614e-10 5.568540642681047e-10 1.327355509278662e-10
3.349654391578276 5.540981673100783e-10 5.596099612261311e-10 5.568540642681047e-10 1.406514239014436e-10
3.414548873833601 5.542019251042594e-10 5.5950620343195e-10 5.568540642681047e-10 1.490403941850413e-10
3.48070058842841 5.543017764824833e-10 5.594063520537261e-10 5.568540642681047e-10 1.579308178333933e-10
3.548133892335753 5.543978685188637e-10 5.593102600173457e-10 5.568540642681047e-10 1.673527568925625e-10
3.616873614408161 5.544903427502663e-10 5.592177857859431e-10 5.568540642681047e-10 1.773380825436409e-10
3.686945064519573 5.545793353847823e-10 5.591287931514271e-10 5.568540642681047e-10 1.879205845222202e-10
3.758374042884443 5.546649775023536e-10 5.590431510338559e-10 5.568540642681047e-10 1.991360871986027e-10
3.831186849557289 5.547473952478444e-10 5.589607332883651e-10 5.568540642681047e-10 2.110225727275393e-10
3.905410294116381 5.548267100168437e-10 5.588814185193658e-10 5.568540642681047e-10 2.236203117016849e-10
3.981071705534973 5.549030386344729e-10 5.588050899017366e-10 5.568540642681047e-10 2.369720017698555e-10
4.058198942243799 5.549764935274604e-10 5.587316350087491e-10 5.568540642681047e-10 2.511229147098393e-10
4.136820402388507 5.550471828897389e-10 5.586609456464706e-10 5.568540642681047e-10 2.661210524759422e-10
4.216965034285822 5.551152108418073e-10 5.585929176944021e-10 5.568540642681047e-10 2.820173127738062e-10
4.298662347082277 5.551806775840929e-10 5.585274509521165e-10 5.568540642681047e-10 2.988656647494313e-10
4.381942421619436 5.552436795445398e-10 5.584644489916697e-10 5.568540642681047e-10 3.167233354159013e-10
4.466835921509631 5.553043095206402e-10 5.584038190155694e-10 5.568540642681047e-10 3.356510074801885e-10
4.553374104426249 5.553626568161187e-10 5.583454717200907e-10 5.568540642681047e-10 3.557130292737368e-10
4.641588833612777 5.554188073724712e-10 5.582893211637382e-10 5.568540642681047e-10 3.769776375344839e-10
4.731512589614803 5.554728438955497e-10 5.582352846406598e-10 5.568540642681047e-10 3.995171938347014e-10
4.823178482239309 5.555248459773826e-10 5.581832825588269e-10 5.568540642681047e-10 4.234084354987319e-10
4.91662026274564 5.555748902134084e-10 5.58133238322801e-10 5.568540642681047e-10 4.487327419075429e-10
5.011872336272725 5.556230503152956e-10 5.580850782209139e-10 5.568540642681047e-10 4.755764171432556e-10
5.10896977450693 5.556693972195141e-10 5.580387313166954e-10 5.568540642681047e-10 5.040309899865019e-10
5.207948328595465 5.557139991918203e-10 5.579941293443891e-10 5.568540642681047e-10 5.341935323431785e-10
5.308844442309885 5.557569219278079e-10 5.579512066084016e-10 5.568540642681047e-10 5.661669972446701e-10
5.411695265464638 5.557982286496722e-10 5.579098998865374e-10 5.568540642681047e-10 6.000605776376584e-10
5.51653866759558 5.558379801993328e-10 5.578701483368768e-10 5.568540642681047e-10 6.359900872561442e-10
5.623413251903491 5.558762351280489e-10 5.578318934081606e-10 5.568540642681047e-10 6.740783649497529e-10
5.732358369467713 5.559130497826616e-10 5.577950787535478e-10 5.568540642681047e-10 7.144557039290555e-10
5.843414133735175 5.55948478388589e-10 5.577596501476206e-10 5.568540642681047e-10 7.572603074808422e-10
5.956621435290103 5.559825731296955e-10 5.57725555406514e-10 5.568540642681047e-10 8.026387728043967e-10
6.072021956909884 5.560153842251562e-10 5.576927443110533e-10 5.568540642681047e-10 8.507466047242568e-10
6.189658188912603 5.560469600034256e-10 5.576611685327839e-10 5.568540642681047e-10 9.017487611460662e-10
6.309573444801929 5.560773469734222e-10 5.576307815627873e-10 5.568540642681047e-10 9.55820232240424e-10
6.431811877215091 5.561065898930328e-10 5.576015386431767e-10 5.568540642681047e-10 1.013146655465536e-09
6.556418494179785 5.561347318350377e-10 5.575733967011718e-10 5.568540642681047e-10 1.073924968673493e-09
6.683439175686149 5.561618142505542e-10 5.575463142856552e-10 5.568540642681047e-10 1.138364103687771e-09
6.812920690579615 5.561878770300909e-10 5.575202515061185e-10 5.568540642681047e-10 1.206685722891274e-09
6.944910713781214 5.562129585623037e-10 5.574951699739057e-10 5.568540642681047e-10 1.279125001526268e-09
7.07945784384138 5.562370957905397e-10 5.574710327456697e-10 5.568540642681047e-10 1.355931458579496e-09
7.216611620833883 5.562603242672522e-10 5.574478042689572e-10 5.568540642681047e-10 1.437369839309411e-09
7.356422544596414 5.562826782063667e-10 5.574254503298428e-10 5.568540642681047e-10 1.523721052667637e-09
7.498942093324558 5.56304190533676e-10 5.574039380025335e-10 5.568540642681047e-10 1.615283167074889e-09
7.644222742526002 5.563248929353373e-10 5.573832356008721e-10 5.568540642681047e-10 1.712372468233128e-09
7.79231798434194 5.563448159045441e-10 5.573633126316653e-10 5.568540642681047e-10 1.815324582891763e-09
7.943282347242814 5.5636398878644e-10 5.573441397497695e-10 5.568540642681047e-10 1.924495672737195e-09
8.097171416105617 5.563824398213423e-10 5.573256887148671e-10 5.568540642681047e-10 2.040263702842813e-09
8.254041852680182 5.564001961863383e-10 5.573079323498712e-10 5.568540642681047e-10 2.163029789402061e-09
8.413951416451948 5.564172840353147e-10 5.572908445008948e-10 5.568540642681047e-10 2.293219631771232e-09
8.576958985908947 5.56433728537481e-10 5.572743999987286e-10 5.568540642681047e-10 2.431285034172834e-09
8.743124580220732 5.564495539144414e-10 5.57258574621768e-10 5.568540642681047e-10 2.577705522755603e-09
8.912509381337459 5.564647834758723e-10 5.572433450603371e-10 5.568540642681047e-10 2.732990064075648e-09
9.085175756516872 5.564794396538551e-10 5.572286888823543e-10 5.568540642681047e-10 2.897678891455043e-09
9.261187281287938 5.564935440359175e-10 5.57214584500292e-10 5.568540642681047e-10 3.072345446093144e-09
9.440608762859235 5.565071173968302e-10 5.572010111393793e-10 5.568540642681047e-10 3.257598440251071e-09
9.623506263980888 5.565201797292067e-10 5.571879488070027e-10 5.568540642681047e-10 3.454084050305688e-09
9.809947127268774 5.565327502729517e-10 5.571753782632578e-10 5.568540642681047e-10 3.66248824797594e-09
10 5.565448475435987e-10 5.571632809926107e-10 5.568540642681047e-10 3.883539278565077e-09
