t A delayed corrected
0 0 0 0
0.005 8.541745e-05 0 0.000566953246258698
0.01 0.0013339136 0 0.00863680467463007
0.015 0.00658984815 0 0.041598907793532
0.02 0.0203204608 0 0.124988502339678
0.025 0.04839453125 0 0.289870433848513
0.03 0.0978728832 0 0.570524488086396
0.035 0.17681048035 0 1.00241863057809
0.04 0.2940698624 0 1.62045644146312
0.045 0.45914566905 0 2.45748503591454
0.05 0.682 0 3.54304976035367
0.055 0.97290835895 0 4.90238195469442
0.06 1.3423159296 0 6.55560607085059
0.065 1.80070393165 0 8.51715243773997
0.07 2.3584658048 0 10.7953619630185
0.075 3.02579296875 0 13.3922690617783
0.08 3.8125699072 0 16.3035491024429
0.085 4.72827832385 0 19.5186166600936
0.09 5.7819101184 0 23.0208608674597
0.095 6.98188893055 0 26.7880041538076
0.1 8.336 0 30.7925706619605
0.105 9.85132809045 0 35.0024506336839
0.11 11.5342032256 0 39.3815470536695
0.115 13.39015398515 0 43.8904908423509
0.12 15.4238681088 0 48.4874108877863
0.125 17.63916015625 0 53.1287452068389
0.13 20.0389459712 0 57.7700795258915
0.135 22.62522369735 0 62.3669995713269
0.14 25.3990610944 0 66.8759433600084
0.145 28.36058890205 0 71.2550397799939
0.15 31.509 0 75.4649197517173
0.155 34.84255411195 0 79.4694862598702
0.16 38.3585878016 0 83.2366295462181
0.165 42.05352950865 0 86.7388737535843
0.17 45.9229193728 0 89.9539413112349
0.175 49.96143359375 0 92.8652213518995
0.18 54.1629130752 0 95.4621284506593
0.185 58.52039610085 0 97.7403379759379
0.19 63.0261547904 0 99.7018843428273
0.195 67.67173508355 0 101.355108458983
0.2 72.448 0 102.714440653324
0.205 77.34517592345 0 103.800005377763
0.21 82.3529016576 0 104.637033972215
0.215 87.46028000215 0 105.2550717831
0.22 92.6559315968 0 105.686965925591
0.225 97.92805078125 0 105.967619979829
0.23 103.2644632192 0 106.132501911338
0.235 108.65268503435 0 106.215891505884
0.24 114.0799832064 0 106.248853609003
0.245 119.53343697505 0 106.256923460432
0.25 125 0 106.257490413678
0.255 130.46656302495 0 106.256923460432
0.26 135.9200167936 0 106.248853609003
0.265 141.34731496565 0 106.215891505884
0.27 146.7355367808 0 106.132501911338
0.275 152.07194921875 0 105.967619979829
0.28 157.3440684032 0 105.686965925591
0.285 162.53971999785 0 105.2550717831
0.29 167.6470983424 0 104.637033972215
0.295 172.65482407655 0 103.800005377763
0.3 177.552 0 102.714440653324
0.305 182.32826491645 0 101.355108458983
0.31 186.9738452096 0 99.7018843428273
0.315 191.47960389915 0 97.7403379759379
0.32 195.8370869248 0 95.4621284506593
0.325 200.03856640625 0 92.8652213518995
0.33 204.0770806272 0 89.9539413112349
0.335 207.94647049135 0 86.7388737535842
0.34 211.6414121984 0 83.2366295462181
0.345 215.15744588805 0 79.4694862598702
0.35 218.491 0 75.4649197517173
0.355 221.63941109795 0 71.2550397799939
0.36 224.6009389056 0 66.8759433600084
0.365 227.37477630265 0 62.3669995713269
0.37 229.9610540288 0 57.7700795258915
0.375 232.36083984375 0 53.1287452068389
0.38 234.5761318912 0 48.4874108877863
0.385 236.60984601485 0 43.8904908423509
0.39 238.4657967744 0 39.3815470536695
0.395 240.14867190955 0 35.0024506336839
0.4 241.664 0 30.7925706619605
0.405 243.01811106945 0 26.7880041538076
0.41 244.2180898816 0 23.0208608674597
0.415 245.27172167615 0 19.5186166600936
0.42 246.1874300928 0 16.3035491024429
0.425 246.97420703125 0 13.3922690617783
0.43 247.6415341952 0 10.7953619630185
0.435 248.19929606835 0 8.51715243773997
0.44 248.6576840704 0 6.55560607085059
0.445 249.02709164105 0 4.90238195469441
0.45 249.318 0 3.54304976035367
0.455 249.54085433095 0 2.45748503591454
0.46 249.7059301376 0 1.62045644146312
0.465 249.82318951965 0 1.00241863057809
0.47 249.9021271168 0 0.570524488086394
0.475 249.95160546875 0 0.289870433848512
0.48 249.9796795392 0 0.124988502339679
0.485 249.99341015185 0 0.0415989077935322
0.49 249.9986660864 0 0.0086368046746301
0.495 249.99991458255 0 0.0005669532462587
0.5 250 0 0
0.505 250 8.54174500000003e-05 8.54174500000003e-05
0.51 250 0.0013339136 0.0013339136
0.515 250 0.00658984815000002 0.00658984815000002
0.52 250 0.0203204608000001 0.0203204608000001
0.525 250 0.0483945312500002 0.0483945312500002
0.53 250 0.0978728832000003 0.0978728832000003
0.535 250 0.176810480350001 0.176810480350001
0.54 250 0.294069862400001 0.294069862400001
0.545 250 0.459145669050002 0.459145669050002
0.55 250 0.682000000000002 0.682000000000002
0.555 250 0.972908358950003 0.972908358950003
0.56 250 1.3423159296 1.3423159296
0.565 250 1.80070393165001 1.80070393165001
0.57 250 2.35846580480001 2.35846580480001
0.575 250 3.02579296875001 3.02579296875001
0.58 250 3.81256990719999 3.81256990719999
0.585 250 4.72827832384999 4.72827832384999
0.59 250 5.78191011839999 5.78191011839999
0.595 250 6.98188893054999 6.98188893054999
0.6 250 8.33599999999999 8.33599999999999
0.605 250 9.85132809044999 9.85132809044999
0.61 250 11.5342032256 11.5342032256
0.615 250 13.39015398515 13.39015398515
0.62 250 15.4238681088 15.4238681088
0.625 250 17.63916015625 17.63916015625
0.63 250 20.0389459712 20.0389459712
0.635 250 22.62522369735 22.62522369735
0.64 250 25.3990610944 25.3990610944
0.645 250 28.36058890205 28.36058890205
0.65 250 31.509 31.509
0.655 250 34.84255411195 34.84255411195
0.66 250 38.3585878016 38.3585878016
0.665 250 42.05352950865 42.05352950865
0.67 250 45.9229193728 45.9229193728
0.675 250 49.96143359375 49.96143359375
0.68 250 54.1629130752 54.1629130752
0.685 250 58.52039610085 58.52039610085
0.69 250 63.0261547904 63.0261547904
0.695 250 67.6717350835501 67.6717350835501
0.7 250 72.4480000000001 72.4480000000001
0.705 250 77.34517592345 77.34517592345
0.71 250 82.3529016576 82.3529016576
0.715 250 87.46028000215 87.46028000215
0.72 250 92.6559315968 92.6559315968
0.725 250 97.92805078125 97.92805078125
0.73 250 103.2644632192 103.2644632192
0.735 250 108.65268503435 108.65268503435
0.74 250 114.0799832064 114.0799832064
0.745 250 119.53343697505 119.53343697505
0.75 250 125 125
0.755 250 130.46656302495 130.46656302495
0.76 250 135.9200167936 135.9200167936
0.765 250 141.34731496565 141.34731496565
0.77 250 146.7355367808 146.7355367808
0.775 250 152.07194921875 152.07194921875
0.78 250 157.3440684032 157.3440684032
0.785 250 162.53971999785 162.53971999785
0.79 250 167.6470983424 167.6470983424
0.795 250 172.65482407655 172.65482407655
0.8 250 177.552 177.552
0.805 250 182.32826491645 182.32826491645
0.81 250 186.9738452096 186.9738452096
0.815 250 191.47960389915 191.47960389915
0.82 250 195.8370869248 195.8370869248
0.825 250 200.03856640625 200.03856640625
0.83 250 204.0770806272 204.0770806272
0.835 250 207.94647049135 207.94647049135
0.84 250 211.6414121984 211.6414121984
0.845 250 215.15744588805 215.15744588805
0.85 250 218.491 218.491
0.855 250 221.63941109795 221.63941109795
0.86 250 224.6009389056 224.6009389056
0.865 250 227.37477630265 227.37477630265
0.87 250 229.9610540288 229.9610540288
0.875 250 232.36083984375 232.36083984375
0.88 250 234.5761318912 234.5761318912
0.885 250 236.60984601485 236.60984601485
0.89 250 238.4657967744 238.4657967744
0.895 250 240.14867190955 240.14867190955
0.9 250 241.664 241.664
0.905 250 243.01811106945 243.01811106945
0.91 250 244.2180898816 244.2180898816
0.915 250 245.27172167615 245.27172167615
0.92 250 246.1874300928 246.1874300928
0.925 250 246.97420703125 246.97420703125
0.93 250 247.6415341952 247.6415341952
0.935 250 248.19929606835 248.19929606835
0.94 250 248.6576840704 248.6576840704
0.945 250 249.02709164105 249.02709164105
0.95 250 249.318 249.318
0.955 250 249.54085433095 249.54085433095
0.96 250 249.7059301376 249.7059301376
0.965 250 249.82318951965 249.82318951965
0.97 250 249.9021271168 249.9021271168
0.975 250 249.95160546875 249.95160546875
0.98 250 249.9796795392 249.9796795392
0.985 250 249.99341015185 249.99341015185
0.99 250 249.9986660864 249.9986660864
0.995 250 249.99991458255 249.99991458255
1 250 250 250
1.005 250 250 250
1.01 250 250 250
1.015 250 250 250
1.02 250 250 250
1.025 250 250 250
1.03 250 250 250
1.035 250 250 250
1.04 250 250 250
1.045 250 250 250
1.05 250 250 250
1.055 250 250 250
1.06 250 250 250
1.065 250 250 250
1.07 250 250 250
1.075 250 250 250
1.08 250 250 250
1.085 250 250 250
1.09 250 250 250
1.095 250 250 250
1.1 250 250 250
1.105 250 250 250
1.11 250 250 250
1.115 250 250 250
1.12 250 250 250
1.125 250 250 250
1.13 250 250 250
1.135 250 250 250
1.14 250 250 250
1.145 250 250 250
1.15 250 250 250
1.155 250 250 250
1.16 250 250 250
1.165 250 250 250
1.17 250 250 250
1.175 250 250 250
1.18 250 250 250
1.185 250 250 250
1.19 250 250 250
1.195 250 250 250
1.2 250 250 250
1.205 250 250 250
1.21 250 250 250
1.215 250 250 250
1.22 250 250 250
1.225 250 250 250
1.23 250 250 250
1.235 250 250 250
1.24 250 250 250
1.245 250 250 250
1.25 250 250 250
1.255 250 250 250
1.26 250 250 250
1.265 250 250 250
1.27 250 250 250
1.275 250 250 250
1.28 250 250 250
1.285 250 250 250
1.29 250 250 250
1.295 250 250 250
1.3 250 250 250
1.305 250 250 250
1.31 250 250 250
1.315 250 250 250
1.32 250 250 250
1.325 250 250 250
1.33 250 250 250
1.335 250 250 250
1.34 250 250 250
1.345 250 250 250
1.35 250 250 250
1.355 250 250 250
1.36 250 250 250
1.365 250 250 250
1.37 250 250 250
1.375 250 250 250
1.38 250 250 250
1.385 250 250 250
1.39 250 250 250
1.395 250 250 250
1.4 250 250 250
1.405 250 250 250
1.41 250 250 250
1.415 250 250 250
1.42 250 250 250
1.425 250 250 250
1.43 250 250 250
1.435 250 250 250
1.44 250 250 250
1.445 250 250 250
1.45 250 250 250
1.455 250 250 250
1.46 250 250 250
1.465 250 250 250
1.47 250 250 250
1.475 250 250 250
1.48 250 250 250
1.485 250 250 250
1.49 250 250 250
1.495 250 250 250
1.5 250 250 250
1.505 250 250 250
1.51 250 250 250
1.515 250 250 250
1.52 250 250 250
1.525 250 250 250
1.53 250 250 250
1.535 250 250 250
1.54 250 250 250
1.545 250 250 250
1.55 250 250 250
1.555 250 250 250
1.56 250 250 250
1.565 250 250 250
1.57 250 250 250
1.575 250 250 250
1.58 250 250 250
1.585 250 250 250
1.59 250 250 250
1.595 250 250 250
1.6 250 250 250
1.605 250 250 250
1.61 250 250 250
1.615 250 250 250
1.62 250 250 250
1.625 250 250 250
1.63 250 250 250
1.635 250 250 250
1.64 250 250 250
1.645 250 250 250
1.65 250 250 250
1.655 250 250 250
1.66 250 250 250
1.665 250 250 250
1.67 250 250 250
1.675 250 250 250
1.68 250 250 250
1.685 250 250 250
1.69 250 250 250
1.695 250 250 250
1.7 250 250 250
1.705 250 250 250
1.71 250 250 250
1.715 250 250 250
1.72 250 250 250
1.725 250 250 250
1.73 250 250 250
1.735 250 250 250
1.74 250 250 250
1.745 250 250 250
1.75 250 250 250
1.755 250 250 250
1.76 250 250 250
1.765 250 250 250
1.77 250 250 250
1.775 250 250 250
1.78 250 250 250
1.785 250 250 250
1.79 250 250 250
1.795 250 250 250
1.8 250 250 250
1.805 250 250 250
1.81 250 250 250
1.815 250 250 250
1.82 250 250 250
1.825 250 250 250
1.83 250 250 250
1.835 250 250 250
1.84 250 250 250
1.845 250 250 250
1.85 250 250 250
1.855 250 250 250
1.86 250 250 250
1.865 250 250 250
1.87 250 250 250
1.875 250 250 250
1.88 250 250 250
1.885 250 250 250
1.89 250 250 250
1.895 250 250 250
1.9 250 250 250
1.905 250 250 250
1.91 250 250 250
1.915 250 250 250
1.92 250 250 250
1.925 250 250 250
1.93 250 250 250
1.935 250 250 250
1.94 250 250 250
1.945 250 250 250
1.95 250 250 250
1.955 250 250 250
1.96 250 250 250
1.965 250 250 250
1.97 250 250 250
1.975 250 250 250
1.98 250 250 250
1.985 250 250 250
1.99 250 250 250
1.995 250 250 250
2 250 250 250
2.005 250 250 250
2.01 250 250 250
2.015 250 250 250
2.02 250 250 250
2.025 250 250 250
2.03 250 250 250
2.035 250 250 250
2.04 250 250 250
2.045 250 250 250
2.05 250 250 250
2.055 250 250 250
2.06 250 250 250
2.065 250 250 250
2.07 250 250 250
2.075 250 250 250
2.08 250 250 250
2.085 250 250 250
2.09 250 250 250
2.095 250 250 250
2.1 250 250 250
2.105 250 250 250
2.11 250 250 250
2.115 250 250 250
2.12 250 250 250
2.125 250 250 250
2.13 250 250 250
2.135 250 250 250
2.14 250 250 250
2.145 250 250 250
2.15 250 250 250
2.155 250 250 250
2.16 250 250 250
2.165 250 250 250
2.17 250 250 250
2.175 250 250 250
2.18 250 250 250
2.185 250 250 250
2.19 250 250 250
2.195 250 250 250
2.2 250 250 250
2.205 250 250 250
2.21 250 250 250
2.215 250 250 250
2.22 250 250 250
2.225 250 250 250
2.23 250 250 250
2.235 250 250 250
2.24 250 250 250
2.245 250 250 250
2.25 250 250 250
2.255 250 250 250
2.26 250 250 250
2.265 250 250 250
2.27 250 250 250
2.275 250 250 250
2.28 250 250 250
2.285 250 250 250
2.29 250 250 250
2.295 250 250 250
2.3 250 250 250
2.305 250 250 250
2.31 250 250 250
2.315 250 250 250
2.32 250 250 250
2.325 250 250 250
2.33 250 250 250
2.335 250 250 250
2.34 250 250 250
2.345 250 250 250
2.35 250 250 250
2.355 250 250 250
2.36 250 250 250
2.365 250 250 250
2.37 250 250 250
2.375 250 250 250
2.38 250 250 250
2.385 250 250 250
2.39 250 250 250
2.395 250 250 250
2.4 250 250 250
2.405 250 250 250
2.41 250 250 250
2.415 250 250 250
2.42 250 250 250
2.425 250 250 250
2.43 250 250 250
2.435 250 250 250
2.44 250 250 250
2.445 250 250 250
2.45 250 250 250
2.455 250 250 250
2.46 250 250 250
2.465 250 250 250
2.47 250 250 250
2.475 250 250 250
2.48 250 250 250
2.485 250 250 250
2.49 250 250 250
2.495 250 250 250
2.5 250 250 250
2.505 250 250 250
2.51 250 250 250
2.515 250 250 250
2.52 250 250 250
2.525 250 250 250
2.53 250 250 250
2.535 250 250 250
2.54 250 250 250
2.545 250 250 250
2.55 250 250 250
2.555 250 250 250
2.56 250 250 250
2.565 250 250 250
2.57 250 250 250
2.575 250 250 250
2.58 250 250 250
2.585 250 250 250
2.59 250 250 250
2.595 250 250 250
2.6 250 250 250
2.605 250 250 250
2.61 250 250 250
2.615 250 250 250
2.62 250 250 250
2.625 250 250 250
2.63 250 250 250
2.635 250 250 250
2.64 250 250 250
2.645 250 250 250
2.65 250 250 250
2.655 250 250 250
2.66 250 250 250
2.665 250 250 250
2.67 250 250 250
2.675 250 250 250
2.68 250 250 250
2.685 250 250 250
2.69 250 250 250
2.695 250 250 250
2.7 250 250 250
2.705 250 250 250
2.71 250 250 250
2.715 250 250 250
2.72 250 250 250
2.725 250 250 250
2.73 250 250 250
2.735 250 250 250
2.74 250 250 250
2.745 250 250 250
2.75 250 250 250
2.755 250 250 250
2.76 250 250 250
2.765 250 250 250
2.77 250 250 250
2.775 250 250 250
2.78 250 250 250
2.785 250 250 250
2.79 250 250 250
2.795 250 250 250
2.8 250 250 250
2.805 250 250 250
2.81 250 250 250
2.815 250 250 250
2.82 250 250 250
2.825 250 250 250
2.83 250 250 250
2.835 250 250 250
2.84 250 250 250
2.845 250 250 250
2.85 250 250 250
2.855 250 250 250
2.86 250 250 250
2.865 250 250 250
2.87 250 250 250
2.875 250 250 250
2.88 250 250 250
2.885 250 250 250
2.89 250 250 250
2.895 250 250 250
2.9 250 250 250
2.905 250 250 250
2.91 250 250 250
2.915 250 250 250
2.92 250 250 250
2.925 250 250 250
2.93 250 250 250
2.935 250 250 250
2.94 250 250 250
2.945 250 250 250
2.95 250 250 250
2.955 250 250 250
2.96 250 250 250
2.965 250 250 250
2.97 250 250 250
2.975 250 250 250
2.98 250 250 250
2.985 250 250 250
2.99 250 250 250
2.995 250 250 250
3 250 250 250
3.005 249.99991458255 250 249.999960979093
3.01 249.9986660864 250 249.999390633663
3.015 249.99341015185 250 249.996989586413
3.02 249.9796795392 250 249.990717086358
3.025 249.95160546875 250 249.977892122687
3.03 249.9021271168 250 249.955289127961
3.035 249.82318951965 250 249.919228385804
3.04 249.7059301376 250 249.865661258171
3.045 249.54085433095 250 249.79025034734
3.05 249.318 250 249.688444707732
3.055 249.02709164105 250 249.555550222695
3.06 248.6576840704 250 249.386795261346
3.065 248.19929606835 250 249.177391730627
3.07 247.6415341952 250 248.922591637658
3.075 246.97420703125 250 248.617739277537
3.08 246.1874300928 250 248.258319161689
3.085 245.27172167615 250 247.839999801892
3.09 244.2180898816 250 247.358673465099
3.095 243.01811106945 250 246.810492014169
3.1 241.664 250 246.191898949645
3.105 240.14867190955 250 245.499657767678
3.11 238.4657967744 250 244.73087674923
3.115 236.60984601485 250 243.883030295673
3.12 234.5761318912 250 242.953976925904
3.125 232.36083984375 250 241.941974050096
3.13 229.9610540288 250 240.845689635204
3.135 227.37477630265 250 239.664210877351
3.14 224.6009389056 250 238.397049996207
3.145 221.63941109795 250 237.044147266484
3.15 218.491 250 235.605871401675
3.155 215.15744588805 250 234.083017405138
3.16 211.6414121984 250 232.476802003669
3.165 207.94647049135 250 230.788856778667
3.17 204.0770806272 250 229.021219110013
3.175 200.03856640625 250 227.176321047792
3.18 195.8370869248 250 225.256976226972
3.185 191.47960389915 250 223.266364940158
3.19 186.9738452096 250 221.208017483545
3.195 182.32826491645 250 219.085795891192
3.2 177.552 250 216.903874172729
3.205 172.65482407655 250 214.666717169627
3.21 167.6470983424 250 212.379058145142
3.215 162.53971999785 250 210.045875223064
3.22 157.3440684032 250 207.672366790378
3.225 152.07194921875 250 205.26392597897
3.23 146.7355367808 250 202.826114341484
3.235 141.34731496565 250 200.364634836467
3.24 135.9200167936 250 197.885304237909
3.245 130.46656302495 250 195.394025084304
3.25 125 250 192.896757282343
3.255 119.53343697505 250 190.399489480382
3.26 114.0799832064 250 187.908210326776
3.265 108.65268503435 250 185.428879728219
3.27 103.2644632192 250 182.967400223202
3.275 97.9280507812501 250 180.529588585716
3.28 92.6559315967997 250 178.121147774307
3.285 87.4602800021499 250 175.747639341622
3.29 82.3529016576 250 173.414456419544
3.295 77.3451759234501 250 171.126797395059
3.3 72.4479999999997 250 168.889640391956
3.305 67.6717350835498 250 166.707718673493
3.31 63.0261547903999 250 164.58549708114
3.315 58.52039610085 250 162.527149624528
3.32 54.1629130751998 250 160.536538337714
3.325 49.9614335937499 250 158.617193516894
3.33 45.9229193727999 250 156.772295454673
3.335 42.05352950865 250 155.004657786018
3.34 38.3585878016001 250 153.316712561016
3.345 34.8425541119499 250 151.710497159548
3.35 31.5089999999999 250 150.187643163011
3.355 28.36058890205 250 148.749367298201
3.36 25.3990610944001 250 147.396464568479
3.365 22.6252236973499 250 146.129303687334
3.37 20.0389459711999 250 144.947824929481
3.375 17.63916015625 250 143.851540514589
3.38 15.4238681088 250 142.839537638781
3.385 13.3901539851499 250 141.910484269012
3.39 11.5342032256 250 141.062637815455
3.395 9.85132809044999 250 140.293856797008
3.4 8.33600000000003 250 139.601615615041
3.405 6.98188893054994 250 138.983022550517
3.41 5.78191011839997 250 138.434841099587
3.415 4.72827832384999 250 137.953514762793
3.42 3.81256990720001 250 137.535195402997
3.425 3.02579296874996 250 137.175775287149
3.43 2.35846580479998 250 136.870922927028
3.435 1.80070393164999 250 136.616122834059
3.44 1.3423159296 250 136.40671930334
3.445 0.972908358949981 250 136.237964341991
3.45 0.681999999999991 250 136.105069856953
3.455 0.459145669049997 250 136.003264217346
3.46 0.294069862400001 250 135.927853306514
3.465 0.176810480350003 250 135.874286178881
3.47 0.0978728831999975 250 135.838225436724
3.475 0.0483945312499993 250 135.815622441999
3.48 0.0203204608000001 250 135.802797478327
3.485 0.00658984815000021 250 135.796524978273
3.49 0.00133391359999989 250 135.794123931022
3.495 8.54174499999928e-05 250 135.793553585593
3.5 0 250 135.793514564686
3.505 0 249.99991458255 135.793468168143
3.51 0 249.9986660864 135.792790017422
3.515 0 249.99341015185 135.789935130123
3.52 0 249.9796795392 135.782477017527
3.525 0 249.95160546875 135.767227910749
3.53 0 249.9021271168 135.740352553524
3.535 0 249.82318951965 135.697475698531
3.54 0 249.7059301376 135.633783444114
3.545 0 249.54085433095 135.544118548296
3.55 0 249.318 135.423069856953
3.555 0 249.02709164105 135.265055983041
3.56 0 248.6576840704 135.06440337374
3.565 0 248.19929606835 134.815418902409
3.57 0 247.6415341952 134.512457122228
3.575 0 246.97420703125 134.149982318399
3.58 0 246.1874300928 133.722625495797
3.585 0 245.27172167615 133.225236438943
3.59 0 244.2180898816 132.652930981187
3.595 0 243.01811106945 132.001133619967
3.6 0 241.664 131.265615615041
3.605 0 240.14867190955 130.442528706558
3.61 0 238.4657967744 129.528434589855
3.615 0 236.60984601485 128.520330283862
3.62 0 234.5761318912 127.415669529981
3.625 0 232.36083984375 126.212380358339
3.63 0 229.9610540288 124.908878958281
3.635 0 227.37477630265 123.504079989984
3.64 0 224.6009389056 121.997403474079
3.645 0 221.63941109795 120.388778396151
3.65 0 218.491 118.678643163011
3.655 0 215.15744588805 116.867943047598
3.66 0 211.6414121984 114.958124759416
3.665 0 207.94647049135 112.951128277368
3.67 0 204.0770806272 110.849376081873
3.675 0 200.03856640625 108.655759923144
3.68 0 195.8370869248 106.373625262514
3.685 0 191.47960389915 104.006753523678
3.69 0 186.9738452096 101.55934229074
3.695 0 182.32826491645 99.0359835899432
3.7 0 177.552 96.4416403919562
3.705 0 172.65482407655 93.7816214716089
3.71 0 167.6470983424 91.061554761944
3.715 0 162.53971999785 88.287359339472
3.72 0 157.3440684032 85.4652161775073
3.725 0 152.07194921875 82.6015378044658
3.73 0 146.7355367808 79.7029370040022
3.735 0 141.34731496565 76.7761946938689
3.74 0 135.9200167936 73.8282271203761
3.745 0 130.46656302495 70.8660525053321
3.75 0 125 67.8967572823428
3.755 0 119.53343697505 64.9274620593536
3.76 0 114.0799832064 61.9652874443094
3.765 0 108.65268503435 59.0173198708168
3.77 0 103.2644632192 56.0905775606835
3.775 0 97.9280507812501 53.1919767602199
3.78 0 92.6559315967997 50.3282983871782
3.785 0 87.4602800021499 47.5061552252137
3.79 0 82.3529016576 44.7319598027417
3.795 0 77.3451759234501 42.0118930930768
3.8 0 72.4479999999997 39.3518741727293
3.805 0 67.6717350835498 36.7575309747423
3.81 0 63.0261547903999 34.2341722739452
3.815 0 58.52039610085 31.7867610410078
3.82 0 54.1629130751998 29.4198893021718
3.825 0 49.9614335937499 27.1377546415418
3.83 0 45.9229193727999 24.9441384828128
3.835 0 42.05352950865 22.8423862873172
3.84 0 38.3585878016001 20.8353898052694
3.845 0 34.8425541119499 18.9255715170877
3.85 0 31.5089999999999 17.1148714016747
3.855 0 28.36058890205 15.4047361685344
3.86 0 25.3990610944001 13.796111090607
3.865 0 22.6252236973499 12.2894345747014
3.87 0 20.0389459711999 10.8846356064044
3.875 0 17.63916015625 9.58113420634623
3.88 0 15.4238681088 8.37784503470452
3.885 0 13.3901539851499 7.27318428082335
3.89 0 11.5342032256 6.26507997483021
3.895 0 9.85132809044999 5.35098585812807
3.9 0 8.33600000000003 4.52789894964489
3.905 0 6.98188893054994 3.7923809447186
3.91 0 5.78191011839997 3.1405835834986
3.915 0 4.72827832384999 2.56827812574245
3.92 0 3.81256990720001 2.07088906888899
3.925 0 3.02579296874996 1.64353224628669
3.93 0 2.35846580479998 1.28105744245768
3.935 0 1.80070393164999 0.978095662276801
3.94 0 1.3423159296 0.729111190946191
3.945 0 0.972908358949981 0.528458581644715
3.95 0 0.681999999999991 0.370444707732458
3.955 0 0.459145669049997 0.249396016389813
3.96 0 0.294069862400001 0.159731120571399
3.965 0 0.176810480349994 0.096038866154384
3.97 0 0.0978728831999975 0.0531620111612266
3.975 0 0.0483945312499993 0.0262866539365917
3.98 0 0.0203204608000001 0.0110375471584237
3.985 0 0.00658984815000021 0.00357943456294449
3.99 0 0.00133391359999989 0.000724547263478468
3.995 0 8.54174499999928e-05 4.63965429626093e-05
4 0 0 0
